heap[0]: 0
0 0 0 1 2 3 4 5 6 7 
0 0 0 
0 0 0 
0 0 0 
0 0 0 
0 0 0 
0 0 0 
0 0 0 
0 0 0 
0 0 0 
1 0 0 
0 1 0 
0 1 0 
2 1 0 
0 1 2 
0 1 2 
3 1 2 
1 3 2 
1 3 2 
4 3 2 
2 3 4 
2 3 4 
5 3 4 
3 5 4 
3 5 4 
6 5 4 
4 5 6 
4 5 6 
7 5 6 
5 7 6 
5 7 6 
heap[0]: 0
0 0 1 2 3 4 5 6 7 8 
0 0 0 
0 0 0 
0 0 0 
0 0 0 
0 0 0 
0 0 0 
1 0 0 
0 1 0 
0 1 0 
2 1 0 
0 1 2 
0 1 2 
3 1 2 
1 3 2 
1 3 2 
4 3 2 
2 3 4 
2 3 4 
5 3 4 
3 5 4 
3 5 4 
6 5 4 
4 5 6 
4 5 6 
7 5 6 
5 7 6 
5 7 6 
8 7 6 
6 7 8 
6 7 8 
heap[0]: 0
0 1 2 3 4 5 6 7 8 9 
0 0 0 
0 0 0 
0 0 0 
1 0 0 
0 1 0 
0 1 0 
2 1 0 
0 1 2 
0 1 2 
3 1 2 
1 3 2 
1 3 2 
4 3 2 
2 3 4 
2 3 4 
5 3 4 
3 5 4 
3 5 4 
6 5 4 
4 5 6 
4 5 6 
7 5 6 
5 7 6 
5 7 6 
8 7 6 
6 7 8 
6 7 8 
9 7 8 
7 9 8 
7 9 8 
heap[0]: 0
1 2 3 4 5 6 7 8 9 10 
1 0 0 
0 1 0 
0 1 0 
2 1 0 
0 1 2 
0 1 2 
3 1 2 
1 3 2 
1 3 2 
4 3 2 
2 3 4 
2 3 4 
5 3 4 
3 5 4 
3 5 4 
6 5 4 
4 5 6 
4 5 6 
7 5 6 
5 7 6 
5 7 6 
8 7 6 
6 7 8 
6 7 8 
9 7 8 
7 9 8 
7 9 8 
10 9 8 
8 9 10 
8 9 10 
heap[0]: 0
2 3 4 5 6 7 8 9 10 11 
2 0 0 
0 2 0 
0 2 0 
3 2 0 
0 2 3 
0 2 3 
4 2 3 
2 4 3 
2 4 3 
5 4 3 
3 4 5 
3 4 5 
6 4 5 
4 6 5 
4 6 5 
7 6 5 
5 6 7 
5 6 7 
8 6 7 
6 8 7 
6 8 7 
9 8 7 
7 8 9 
7 8 9 
10 8 9 
8 10 9 
8 10 9 
11 10 9 
9 10 11 
9 10 11 
heap[0]: 0
3 4 5 6 7 8 9 10 11 12 
3 0 0 
0 3 0 
0 3 0 
4 3 0 
0 3 4 
0 3 4 
5 3 4 
3 5 4 
3 5 4 
6 5 4 
4 5 6 
4 5 6 
7 5 6 
5 7 6 
5 7 6 
8 7 6 
6 7 8 
6 7 8 
9 7 8 
7 9 8 
7 9 8 
10 9 8 
8 9 10 
8 9 10 
11 9 10 
9 11 10 
9 11 10 
12 11 10 
10 11 12 
10 11 12 
heap[0]: 0
4 5 6 7 8 9 10 11 12 13 
4 0 0 
0 4 0 
0 4 0 
5 4 0 
0 4 5 
0 4 5 
6 4 5 
4 6 5 
4 6 5 
7 6 5 
5 6 7 
5 6 7 
8 6 7 
6 8 7 
6 8 7 
9 8 7 
7 8 9 
7 8 9 
10 8 9 
8 10 9 
8 10 9 
11 10 9 
9 10 11 
9 10 11 
12 10 11 
10 12 11 
10 12 11 
13 12 11 
11 12 13 
11 12 13 
heap[0]: 0
5 6 7 8 9 10 11 12 13 0 
5 0 0 
0 5 0 
0 5 0 
6 5 0 
0 5 6 
0 5 6 
7 5 6 
5 7 6 
5 7 6 
8 7 6 
6 7 8 
6 7 8 
9 7 8 
7 9 8 
7 9 8 
10 9 8 
8 9 10 
8 9 10 
11 9 10 
9 11 10 
9 11 10 
12 11 10 
10 11 12 
10 11 12 
13 11 12 
11 13 12 
11 13 12 
11 13 12 
11 13 12 
11 13 12 
heap[0]: 0
6 7 8 9 10 11 12 13 0 0 
6 0 0 
0 6 0 
0 6 0 
7 6 0 
0 6 7 
0 6 7 
8 6 7 
6 8 7 
6 8 7 
9 8 7 
7 8 9 
7 8 9 
10 8 9 
8 10 9 
8 10 9 
11 10 9 
9 10 11 
9 10 11 
12 10 11 
10 12 11 
10 12 11 
13 12 11 
11 12 13 
11 12 13 
11 12 13 
11 12 13 
11 12 13 
11 12 13 
11 12 13 
11 12 13 
heap[0]: 0
7 8 9 10 11 12 13 0 0 0 
7 0 0 
0 7 0 
0 7 0 
8 7 0 
0 7 8 
0 7 8 
9 7 8 
7 9 8 
7 9 8 
10 9 8 
8 9 10 
8 9 10 
11 9 10 
9 11 10 
9 11 10 
12 11 10 
10 11 12 
10 11 12 
13 11 12 
11 13 12 
11 13 12 
11 13 12 
11 13 12 
11 13 12 
11 13 12 
11 13 12 
11 13 12 
11 13 12 
11 13 12 
11 13 12 
heap[0]: 0
8 9 10 11 12 13 0 0 0 0 
8 0 0 
0 8 0 
0 8 0 
9 8 0 
0 8 9 
0 8 9 
10 8 9 
8 10 9 
8 10 9 
11 10 9 
9 10 11 
9 10 11 
12 10 11 
10 12 11 
10 12 11 
13 12 11 
11 12 13 
11 12 13 
11 12 13 
11 12 13 
11 12 13 
11 12 13 
11 12 13 
11 12 13 
11 12 13 
11 12 13 
11 12 13 
11 12 13 
11 12 13 
11 12 13 
heap[0]: 0
9 10 11 12 13 0 0 0 0 0 
9 0 0 
0 9 0 
0 9 0 
10 9 0 
0 9 10 
0 9 10 
11 9 10 
9 11 10 
9 11 10 
12 11 10 
10 11 12 
10 11 12 
13 11 12 
11 13 12 
11 13 12 
11 13 12 
11 13 12 
11 13 12 
11 13 12 
11 13 12 
11 13 12 
11 13 12 
11 13 12 
11 13 12 
11 13 12 
11 13 12 
11 13 12 
11 13 12 
11 13 12 
11 13 12 
heap[0]: 0
10 11 12 13 0 0 0 0 0 0 
10 0 0 
0 10 0 
0 10 0 
11 10 0 
0 10 11 
0 10 11 
12 10 11 
10 12 11 
10 12 11 
13 12 11 
11 12 13 
11 12 13 
11 12 13 
11 12 13 
11 12 13 
11 12 13 
11 12 13 
11 12 13 
11 12 13 
11 12 13 
11 12 13 
11 12 13 
11 12 13 
11 12 13 
11 12 13 
11 12 13 
11 12 13 
11 12 13 
11 12 13 
11 12 13 
heap[0]: 0
11 12 13 0 0 0 0 0 0 0 
11 0 0 
0 11 0 
0 11 0 
12 11 0 
0 11 12 
0 11 12 
13 11 12 
11 13 12 
11 13 12 
11 13 12 
11 13 12 
11 13 12 
11 13 12 
11 13 12 
11 13 12 
11 13 12 
11 13 12 
11 13 12 
11 13 12 
11 13 12 
11 13 12 
11 13 12 
11 13 12 
11 13 12 
11 13 12 
11 13 12 
11 13 12 
11 13 12 
11 13 12 
11 13 12 
heap[0]: 0
12 13 0 0 0 0 0 0 0 0 
12 0 0 
0 12 0 
0 12 0 
13 12 0 
0 12 13 
0 12 13 
0 12 13 
0 12 13 
0 12 13 
0 12 13 
0 12 13 
0 12 13 
0 12 13 
0 12 13 
0 12 13 
0 12 13 
0 12 13 
0 12 13 
0 12 13 
0 12 13 
0 12 13 
0 12 13 
0 12 13 
0 12 13 
0 12 13 
0 12 13 
0 12 13 
0 12 13 
0 12 13 
0 12 13 
heap[0]: 0
13 0 0 0 0 0 0 0 0 0 
13 0 0 
0 13 0 
0 13 0 
0 13 0 
0 13 0 
0 13 0 
0 13 0 
0 13 0 
0 13 0 
0 13 0 
0 13 0 
0 13 0 
0 13 0 
0 13 0 
0 13 0 
0 13 0 
0 13 0 
0 13 0 
0 13 0 
0 13 0 
0 13 0 
0 13 0 
0 13 0 
0 13 0 
0 13 0 
0 13 0 
0 13 0 
0 13 0 
0 13 0 
0 13 0 
